OpCode	ImagePtPair	Index	Lx	Ly	Rx	Ry
001	0	0	1037.56558	610.52239	830.05247	616.56716
003	0	0	1247.09339	479.55224	711.18573	469.47761
005	0	0	1329.69570	521.86567	749.46485	515.82090
006	0	0	1414.31270	451.34328	670.89192	431.19403
006	1	0	1576.22772	417.30693	1657.93069	403.07921
006	1	1	1515.21782	354.96040	1582.10891	334.00000
006	2	0	918.56436	156.72277	1007.95050	155.02970
006	2	1	847.70297	122.97030	930.72277	126.11881
006	3	0	963.70297	205.51485	892.76238	207.47525
006	3	1	1093.73267	251.70297	1007.90099	246.69307
006	4	0	890.94059	424.12871	644.97030	429.62376
006	4	1	766.24752	10.59406	522.66337	43.38614
006	5	0	1326.77228	87.73267	1320.79208	51.62376
006	5	1	1165.01980	205.19802	1127.41584	192.24752
006	6	0	1657.42574	205.54455	1677.62376	152.07921
006	7	0	1540.99010	439.60396	1805.94059	422.97030
006	8	0	1314.33663	322.57426	1498.90099	304.37624
006	8	1	1105.81188	179.01980	1253.91089	163.26733
006	9	0	1652.05941	453.14851	1634.96040	444.52475
006	9	1	1365.73267	379.46535	1357.17822	368.37624
006	10	0	924.23762	145.87129	969.20792	144.88119
006	10	1	1089.90099	230.19802	1138.00000	220.58416
006	11	0	1063.43564	327.93069	874.20792	330.91089
006	11	1	1452.30693	302.87129	1194.36634	284.33663
006	12	0	1469.02970	101.92079	1377.54455	55.84158
006	12	1	1322.29703	135.78218	1168.43564	111.12871
006	13	0	1602.64356	373.28713	1619.23762	352.61386
006	13	1	1412.24752	218.86139	1418.50495	188.31683
006	14	0	1448.93069	166.36634	1478.66337	126.68317
006	14	1	1677.42574	117.90099	1720.78218	44.78218
006	15	0	1278.63366	187.51485	1392.72277	161.04950
006	15	1	1185.77228	198.84158	1292.43564	179.97030
006	16	0	1411.34653	224.30693	1385.78218	195.61386
006	16	1	1561.92079	230.37624	1545.85149	190.95050
006	17	0	1287.53465	223.63366	1446.75248	198.54455
006	17	1	1236.64356	182.64356	1385.26733	157.35644
006	18	0	1219.72277	280.34653	1413.02970	263.56436
006	18	1	1162.09901	243.51485	1348.47525	227.02970
006	19	0	1271.37624	267.49505	1432.17822	246.97030
006	19	1	1329.99010	302.64356	1500.59406	282.61386
006	20	0	1860.39604	416.40594	1823.73267	395.30693
006	20	1	1408.66337	308.56436	1279.81188	290.31683
006	21	0	1418.62376	336.32673	1534.95050	316.16832
006	21	1	1272.05941	300.16832	1373.65347	284.04950
006	22	0	1728.28713	328.06931	1872.37624	287.98020
006	22	1	1455.90099	309.58416	1511.38614	285.84158
006	23	0	1325.47525	220.45545	1443.99010	193.35644
006	23	1	1149.63366	177.28713	1260.03960	159.15842
006	24	0	1506.11881	69.97030	1406.54455	17.33663
006	24	1	1810.93069	116.35644	1791.67327	35.14851
006	25	0	1190.49505	295.84158	687.92079	278.01980
007	0	0	1087.93284	459.40299	652.75971	540.00000
007	1	0	368.76733	222.21892	377.58911	259.62046
007	1	1	608.94554	167.00660	604.60396	201.13201
007	2	0	661.50990	281.08801	547.04455	316.36304
007	2	1	902.33168	386.55666	747.00000	414.88009
007	3	0	316.05823	58.08765	421.41097	109.72112
007	4	0	1250.15842	132.46535	830.14851	166.87129
007	4	1	956.23762	84.70297	668.70297	128.30693
007	5	0	808.53960	362.21782	649.47525	389.55336
007	5	1	623.23267	219.82838	396.69802	264.66007
007	6	0	518.16349	221.59363	73.10190	279.68127
007	7	0	557.82755	172.31873	318.33483	222.79681
007	7	1	431.87122	38.74104	160.24636	104.35458
007	8	0	751.53465	383.67327	551.94059	418.54455
007	8	1	584.12871	253.96040	432.73267	295.52475
007	9	0	678.31683	328.00990	402.61386	367.17822
007	9	1	337.51485	37.32673	24.25743	108.42574
007	10	0	1367.06931	114.92079	790.11881	152.16832
007	10	1	1013.07921	226.59406	637.92079	270.10891
007	11	0	896.57426	352.33223	745.69802	381.89879
007	11	1	799.34158	352.95050	556.15347	387.62046
007	12	0	865.75248	350.34983	694.49505	380.01430
007	12	1	754.80198	129.16722	630.73762	167.33993
007	13	0	972.74752	452.06491	635.59901	484.96700
007	13	1	1184.88614	270.74147	912.02970	301.28163
007	14	0	710.15347	186.23432	469.51485	232.30033
007	14	1	387.78218	37.00990	165.10396	106.91089
007	15	0	1765.19597	449.64143	1023.42665	529.24303
007	15	1	1317.98432	776.65339	408.51064	811.07570
007	16	0	335.61386	177.64026	232.62871	228.15512
007	16	1	488.86634	232.10011	389.66832	271.46205
007	17	0	142.57426	204.35644	304.15842	243.56436
007	18	0	137.82178	130.69307	211.48515	182.97030
007	19	0	413.57426	191.87129	360.89109	235.12871
007	19	1	177.44554	167.09901	143.32673	220.20792
007	20	0	509.20792	440.04510	350.01980	466.24202
007	20	1	434.82178	490.86799	286.94554	510.98570
007	21	0	612.36139	273.81298	529.17822	308.03740
007	21	1	487.15347	195.68647	432.56931	235.55996
007	22	0	660.94059	427.86359	506.69307	456.33223
007	22	1	852.85149	495.24202	713.46040	519.54125
007	23	0	545.48020	138.05171	533.96040	173.45875
007	24	0	609.50495	287.52475	667.72277	314.85149
007	25	0	1560.00000	58.21782	996.83168	86.73267
007	26	0	402.95857	126.56175	510.07839	164.41833
007	27	0	806.73267	34.45545	864.95050	54.65347
007	28	0	989.70297	71.28713	993.26733	89.10891
007	29	0	320.35834	34.42231	485.91265	79.60159
007	30	0	638.01980	85.54455	746.13861	110.49505
007	31	0	1523.07921	243.88779	1436.98515	260.15182
007	31	1	1348.58911	185.85149	1249.07426	202.69527
007	32	0	752.01980	25.73377	790.49505	55.45875
007	32	1	648.83663	0.22442	698.50495	35.75358
007	33	0	1150.63861	78.66337	1185.33663	89.61496
007	33	1	1065.98515	26.28493	1100.27723	43.00990
008	0	0	1261.19622	477.53731	735.36201	449.32836
008	1	0	1591.65510	502.49402	1782.03807	631.88446
008	2	0	625.41993	502.84861	719.36842	456.47012
008	2	1	712.13886	513.96414	799.63718	480.85259
008	3	0	69.87682	222.52590	66.65174	123.95219
008	3	1	251.52744	378.92430	274.47032	284.13546
008	4	0	240.42105	98.90438	298.85778	25.81673
008	5	0	490.59351	408.96016	178.18701	304.19124
008	5	1	660.80627	408.24303	384.92833	323.62151
008	6	0	1114.66293	476.43426	1075.29563	489.01992
008	6	1	908.72116	496.92829	874.36282	475.77291
008	7	0	303.15789	542.15139	199.95521	398.00797
008	8	0	739.61926	8.60558	857.87234	8.60558
008	9	0	1341.63494	617.45020	1135.22956	654.02390
008	10	0	1155.92161	324.00000	1082.62038	332.31076
008	10	1	1426.19597	281.75299	1350.91265	325.83267
008	11	0	422.24748	380.63745	510.92945	314.29880
008	11	1	265.29339	403.22709	359.70885	317.16733
008	12	0	1814.28891	208.92430	1672.48824	280.10757
008	12	1	1486.85442	297.01594	1352.22844	342.58566
008	13	0	718.11870	279.68127	733.16909	247.41036
008	14	0	1235.44681	357.07570	1019.99664	360.62948
008	14	1	1255.33483	305.87251	1086.64838	318.09562
008	15	0	1025.97200	414.82869	1131.04143	433.45418
008	16	0	1727.17805	266.60558	1621.70885	341.82869
008	16	1	1833.33707	228.67729	1760.62710	317.46215
008	17	0	568.85442	366.46614	295.57111	279.87251
008	17	1	675.99888	451.80478	425.06271	375.01992
008	18	0	122.55319	251.71315	337.55879	176.41434
008	19	0	837.30347	370.64542	618.97872	326.81673
008	19	1	506.32027	152.71713	343.26316	88.90040
008	20	0	1171.78052	290.43825	1339.48488	331.31474
008	21	0	332.87794	148.86853	234.70325	80.67729
008	21	1	469.96193	272.37450	421.03807	205.03984
008	22	0	947.56215	289.16335	1056.86226	293.62151
009	0	0	1367.97482	419.10448	693.05352	457.38806
009	1	0	1349.98544	286.11952	1156.27884	312.52988
009	1	1	1469.67189	264.60558	1317.89138	290.65737
009	2	0	899.96976	258.32271	1021.19485	262.56175
009	2	1	937.59574	261.19124	1060.25420	266.86454
009	3	0	163.40426	423.78486	245.70549	406.41833
009	3	1	79.19373	412.66932	178.33707	396.01992
009	4	0	1647.23740	396.52590	1815.36394	436.92829
009	4	1	1523.96753	437.76096	1652.67637	477.80478
009	5	0	1712.42217	174.20319	1694.85442	189.82869
009	5	1	1526.80067	261.33466	1505.80515	283.54183
009	6	0	1145.27772	133.41434	1181.40314	141.54980
009	6	1	1256.36394	126.60159	1292.84770	132.94422
009	7	0	1531.75476	135.72112	1704.17917	134.54582
009	7	1	1407.76820	92.69323	1552.24188	87.93227
009	8	0	1719.52072	190.31873	1830.41433	201.79283
009	9	0	1225.58679	506.13147	1114.71221	544.15139
009	9	1	1367.13214	489.27888	1286.50504	527.82869
009	10	0	1224.87122	468.50996	1060.40426	494.50996
009	10	1	1076.87570	418.66932	937.49272	439.64940
009	11	0	367.65957	8.60558	436.46137	38.72510
009	12	0	1272.31691	165.36255	1463.05263	167.35857
009	12	1	1508.46473	159.26693	1747.31355	158.27888
009	13	0	1079.42777	147.45418	1282.60246	147.94422
009	13	1	1228.49832	106.21912	1433.10638	104.55777
009	14	0	335.92273	102.40637	336.36058	133.89243
009	14	1	386.98656	116.49402	387.85890	143.28685
009	15	0	337.23292	151.56574	355.40873	175.69323
009	15	1	386.41545	146.68924	402.44121	169.46215
009	16	0	227.33371	260.16335	271.70885	270.76494
009	16	1	267.91601	262.60159	312.82867	270.49402
009	17	0	333.34043	256.74900	354.97088	267.14343
009	17	1	372.57895	255.93625	393.94065	264.97610
009	18	0	124.53303	86.51394	130.95185	128.87251
009	18	1	183.39082	104.39442	187.39082	140.79283
009	19	0	1875.11758	185.41434	1888.01792	206.31076
009	19	1	1811.69093	194.08367	1821.09742	215.52191
009	20	0	1701.67861	206.10359	1702.36618	224.62550
009	20	1	1641.20829	206.64542	1637.05823	224.08367
009	21	0	1654.91489	148.39841	1616.03471	161.14343
009	21	1	1598.20717	154.62948	1562.82083	167.37450
009	22	0	1355.55991	205.49801	1385.22844	218.12351
009	22	1	1313.09630	207.93625	1340.61478	220.56175
009	23	0	1539.65286	279.43426	1617.27100	301.80876
009	23	1	1572.97872	275.91235	1660.54087	297.20319
009	24	0	1279.24524	128.86853	1422.92945	130.49004
009	24	1	1638.69541	73.86454	1851.91489	62.03187
009	25	0	1085.20941	95.73705	1232.33707	96.60159
009	25	1	1339.27436	19.72112	1481.79619	10.39841
009	26	0	1265.66293	255.56175	1493.47928	263.18327
009	27	0	1123.97088	767.98805	636.27772	787.19920
009	27	1	1584.73684	832.68526	1090.91153	917.31076
009	28	0	1644.41993	98.81275	1885.24076	83.03187
009	28	1	1558.41769	115.30677	1766.62934	105.26295
009	29	0	1604.76036	169.48207	1912.11646	165.30279
009	30	0	694.57895	358.43426	311.01232	383.94422
009	30	1	740.44681	372.77689	394.14782	395.41833
009	31	0	464.54535	325.22709	312.49608	337.35857
009	31	1	508.97984	303.35458	380.22284	317.63745
009	32	0	319.05375	108.98008	314.79619	141.45020
009	32	1	421.53975	160.61355	394.96193	184.86853
009	33	0	612.79731	175.97610	454.44681	200.64542
009	33	1	517.83651	197.84861	376.32811	220.72510
009	34	0	453.37850	235.52590	525.71221	243.62151
009	34	1	510.71333	247.35857	571.22172	255.81275
009	35	0	917.37178	120.08765	989.85442	128.66135
009	35	1	857.88690	145.18725	932.87794	152.68526
009	36	0	939.89586	197.39442	975.82867	207.46614
009	36	1	986.43785	229.34263	1023.89586	239.82869
009	37	0	823.64502	403.09960	825.74580	408.39044
009	37	1	885.27996	373.69721	884.87234	381.49801
009	38	0	1371.57895	239.26295	1417.34714	253.18725
009	38	1	1323.56103	242.49004	1377.57111	257.13147
009	39	0	831.98320	343.13944	953.32811	346.00000
009	39	1	868.85666	343.03187	990.09406	346.86056
009	40	0	897.26652	287.93227	1028.29899	292.53785
009	40	1	863.72564	300.19522	993.89810	302.75697
009	41	0	1205.31803	93.94422	1358.58791	93.94422
009	41	1	1374.45577	43.74502	1545.62934	35.49801
009	42	0	1184.63382	191.21116	1324.58791	196.77291
009	42	1	1360.21277	158.75697	1522.49608	161.92032
009	43	0	1002.75364	172.49801	1160.72004	176.41434
009	43	1	899.55095	190.42629	1041.75028	195.05976
009	44	0	841.60022	131.09163	972.81075	136.07968
009	44	1	991.02912	107.06773	1132.27324	112.05578
009	45	0	1042.22620	12.19124	1177.15901	12.19124
009	46	0	1400.86226	149.67331	1583.05375	150.50598
009	47	0	1741.54535	311.95219	1892.04927	337.76892
009	48	0	1627.59239	139.84064	1915.69989	122.62948
009	49	0	936.50280	384.39841	1059.58903	390.54980
009	49	1	1128.93281	322.36653	1252.61254	334.01992
009	50	0	1412.53415	441.68526	1672.87794	473.29084
010	0	0	1253.13746	469.47761	846.16999	497.68657
010	1	0	1453.43785	258.16733	1638.34267	268.92430
010	2	0	1111.41993	253.77689	819.47144	279.70518
010	2	1	1208.44121	238.06375	942.83091	264.53386
010	3	0	746.06943	172.11155	703.76148	189.72510
010	3	1	548.17021	21.40239	515.01568	52.55777
010	4	0	1197.65286	189.13944	1032.50952	209.25498
010	4	1	1216.55207	311.67729	1125.99664	329.21514
010	5	0	1519.85330	65.56175	1404.27436	74.59363
010	5	1	1290.39082	146.10359	1208.79059	160.60159
010	6	0	1548.95857	226.13944	1200.82867	258.31474
010	6	1	1853.34826	284.96016	1470.10302	337.26693
010	7	0	838.00224	530.03187	512.96417	535.56972
010	7	1	991.64054	423.80876	672.90258	445.43426
010	8	0	460.11198	197.92829	408.51064	217.29084
010	9	0	1510.72788	319.78884	1634.40314	344.58167
010	9	1	1389.87682	304.56175	1495.37850	324.12351
010	10	0	1692.65957	105.20319	1420.20941	129.47809
010	10	1	1511.23404	100.02390	1280.17805	118.03984
010	11	0	1664.17133	270.05976	1669.19597	298.49801
010	11	1	1876.19261	224.99602	1903.06831	252.41434
010	12	0	1149.32811	198.18327	1059.68421	214.39442
010	12	1	1149.59686	269.97610	1094.32251	286.31474
010	13	0	1038.04591	394.00797	1092.65957	407.31076
010	13	1	982.95073	376.12749	1025.20157	384.82470
010	14	0	1075.34043	379.68526	1150.65398	392.45817
010	14	1	980.46920	424.38645	1056.05151	432.28287
010	15	0	1262.08287	273.22709	939.57447	305.49801
010	16	0	1564.98320	268.07570	1557.49496	292.34661
010	16	1	1754.44569	229.40239	1788.40314	252.95618
010	17	0	1472.78835	398.00797	1210.48152	434.58167
010	18	0	1153.40985	469.21116	1236.01680	489.68924
010	18	1	1045.36954	438.32669	1148.67077	453.38645
010	19	0	796.39082	282.35060	847.86002	289.66135
010	19	1	752.85218	291.01992	817.22172	293.18327
010	20	0	968.00896	211.84064	884.99664	228.34661
010	20	1	978.49048	247.87251	912.40985	263.83665
010	21	0	998.17805	72.33068	754.73348	102.90438
010	21	1	1009.73460	130.57769	813.49608	150.37450
010	22	0	613.02240	319.51793	681.30459	319.11952
010	22	1	500.95073	354.46614	587.77716	350.27490
010	23	0	750.92721	252.82869	803.01568	259.52191
010	23	1	642.65286	284.89641	710.83203	287.69721
010	24	0	839.37962	150.92032	870.33259	161.43825
010	24	1	706.34490	183.70120	749.39642	193.64940
010	25	0	778.65286	206.54980	823.05151	215.42231
010	25	1	907.65622	188.94024	946.94849	198.35458
010	26	0	955.89922	4.60558	963.62150	17.88048
010	26	1	820.71445	65.83267	842.90258	79.92032
010	27	0	782.65510	81.16733	819.47368	94.70916
010	27	1	641.28891	91.19124	693.15789	106.35857
010	28	0	635.09183	173.86454	682.30907	186.06773
010	28	1	511.46361	194.72510	581.79395	205.30279
010	29	0	713.82307	120.63745	746.72340	136.18725
010	29	1	618.95185	152.60558	680.34043	164.36255
010	30	0	612.23292	94.62948	685.71557	110.45020
011	0	0	1442.68757	428.12749	733.16909	443.18725
011	1	0	1092.22844	357.13147	1192.14894	398.75299
011	2	0	1421.29003	387.84861	1313.87122	416.66932
011	2	1	1343.88802	401.12351	1257.16349	429.40239
011	3	0	550.91041	429.89641	530.86674	452.99203
011	3	1	479.68981	406.05578	468.78387	428.06773
011	4	0	274.53415	410.59761	306.61590	432.75299
011	4	1	174.55655	387.84064	224.10750	411.62151
011	5	0	832.86002	250.41036	239.44681	307.74502
011	5	1	691.22508	238.76096	66.65174	298.83665
011	6	0	391.38522	242.33865	298.24748	284.50996
011	6	1	330.11534	189.51394	232.02128	240.39442
011	7	0	436.46137	567.96813	378.40985	572.27092
011	8	0	705.21837	182.86853	660.06719	195.77689
011	9	0	1209.19149	217.99203	1064.65398	241.47809
011	9	1	1157.05263	219.07570	1025.41545	242.29084
011	10	0	1447.42105	222.35857	1344.39082	237.25498
011	10	1	1519.98544	186.32669	1425.28667	197.15936
012	0	0	1279.28331	469.00398	780.47032	477.60956
012	1	0	528.91377	62.39044	664.77156	89.39442
012	2	0	706.41545	448.96016	809.07055	451.53785
012	2	1	772.79843	437.58167	873.30347	439.07570
012	3	0	1106.44681	462.50199	1223.75924	460.06375
012	3	1	1178.20493	415.90438	1293.09854	410.21514
012	4	0	1113.47144	396.47410	1248.71557	391.27092
012	4	1	1185.76708	418.41833	1321.81747	413.75697
012	5	0	669.09183	407.73705	696.16573	413.95618
012	5	1	527.37178	305.80478	567.20381	322.43028
012	6	0	738.40985	466.97610	613.75924	472.29084
012	7	0	301.00784	387.25100	326.80851	410.91633
012	8	0	516.01344	423.82470	681.56775	430.27888
012	9	0	174.15454	4.30279	235.08959	77.58566
012	9	1	539.63382	168.41434	599.70213	190.35060
012	10	0	973.53415	524.12351	868.89026	526.43825
012	10	1	825.10302	134.29084	854.81523	153.85259
012	11	0	935.27436	477.60956	832.07167	484.06375
012	12	0	1060.45913	220.68924	1094.40314	212.01992
012	12	1	886.62822	228.54183	937.92161	231.39442
012	13	0	1756.36618	299.00000	1484.62822	266.74104
012	13	1	1187.82755	345.29482	912.24076	342.91235
012	14	0	740.35946	391.80080	946.95969	393.10359
012	15	0	440.76148	505.57769	565.46473	509.88048
013	0	0	1481.38858	481.91235	771.87010	494.82072
013	1	0	592.34826	447.85259	192.43001	423.23904
013	1	1	453.13214	466.27490	53.21389	428.92829
013	2	0	973.97536	389.40239	986.87570	387.25100
013	3	0	561.80963	596.62550	493.45913	572.37450
013	3	1	115.56551	482.58167	82.50840	445.38247
013	4	0	1153.06047	370.58167	1123.56551	376.91633
013	4	1	992.29563	307.80478	959.24076	309.50199
013	5	0	1171.78052	742.23108	1107.27884	772.35060
013	6	0	757.87458	392.05976	669.89362	385.98805
013	6	1	654.61590	430.96813	532.22396	421.17131
013	7	0	612.80739	115.72510	567.24076	120.30279
013	7	1	493.61590	241.01195	468.88354	238.82072
013	8	0	1068.43337	180.21514	842.89138	176.63745
013	8	1	1166.87570	267.09960	996.10078	265.27092
013	9	0	692.52184	451.93625	681.10302	443.68526
013	9	1	439.54535	454.99203	404.90929	434.87251
013	10	0	1178.23068	363.58566	801.97088	361.43426
013	11	0	888.70997	326.26693	342.33931	317.52590
013	11	1	848.93393	364.19522	389.87794	351.01594
013	12	0	1135.20269	167.33466	751.41545	163.07171
013	12	1	1262.22284	98.53785	818.33595	90.46614
013	13	0	582.13550	567.56574	580.95969	549.32669
013	13	1	410.88914	564.45418	422.39642	537.13147
013	14	0	813.47816	626.91235	804.00336	619.00797
013	14	1	667.40985	600.65737	678.49384	585.95618
013	15	0	518.16349	228.04781	563.31467	215.13944
013	16	0	675.05599	459.89641	606.93953	447.10359
013	16	1	480.47592	472.08765	381.59798	448.72908
013	17	0	526.16573	312.41434	592.85330	307.26693
013	18	0	1337.23404	209.62151	1132.56775	208.69323
013	18	1	1259.70325	424.68924	986.73460	429.56574
013	19	0	1231.60470	562.07968	1153.34714	577.55378
013	19	1	1114.06943	644.23108	1057.03471	655.73307
013	20	0	1378.13550	557.64940	1258.70885	582.41434
013	20	1	1352.79059	436.33068	1293.89698	452.20717
013	21	0	588.32587	466.71315	356.61254	435.45817
013	21	1	688.83987	328.93625	474.41545	318.95219
013	22	0	625.41321	375.53386	554.23628	363.65339
013	22	1	629.98208	320.26693	526.01680	313.53386
013	23	0	1013.42777	353.13944	961.35050	355.96414
013	23	1	898.46473	364.96414	850.24748	364.68526
013	24	0	974.01792	307.88845	1058.78611	313.22311
013	25	0	821.32139	101.11554	885.82307	92.50996
016	0	0	1158.44701	544.02985	819.97901	521.86567
017	0	0	1110.09444	521.86567	775.65582	517.83582
018	0	0	1146.35887	481.56716	751.47954	503.73134
019	0	0	1152.40294	503.73134	701.11228	489.62687
020	0	0	1239.03463	493.65672	642.68625	491.64179
021	0	0	1228.96118	517.83582	767.59706	473.50746
022	0	0	1144.34418	677.01493	1023.46275	707.23881
023	0	0	1523.10598	473.50746	471.43757	540.00000
024	0	0	1365.96013	521.86567	697.08290	515.82090
025	0	0	1214.85834	505.74627	731.33263	491.64179
026	0	0	1198.74082	505.74627	824.00839	477.53731
027	0	0	1102.03568	511.79104	684.99475	481.56716
028	0	0	1186.83091	503.42629	832.07167	507.72908
028	1	0	1460.45913	621.39841	1057.12654	637.15936
028	1	1	1507.34043	528.72908	1214.78499	532.11554
028	2	0	1481.80403	383.37450	1577.27996	367.02390
028	2	1	1371.60470	376.54183	1456.12654	364.11952
028	3	0	1710.41433	308.45418	1560.11422	276.69721
028	3	1	1565.23852	337.54183	1392.85330	316.88845
028	4	0	1767.80739	417.07171	1688.10750	400.98008
028	4	1	1899.66517	363.61355	1827.18365	333.67729
028	5	0	731.79059	359.80876	775.86450	365.49801
028	5	1	566.74692	321.14741	601.38410	338.74900
028	6	0	395.13438	204.85259	510.05823	233.69323
028	6	1	200.53975	223.60159	348.34043	261.24701
028	7	0	1434.82867	218.16335	1487.22844	184.63347
028	7	1	1526.34043	194.32271	1589.75924	150.90438
028	8	0	595.12878	802.26295	32.60918	775.11155
028	8	1	1167.95409	794.41434	635.97984	795.03984
028	9	0	297.39418	153.21116	419.27212	192.90040
028	9	1	385.68085	126.93227	498.28667	163.77689
028	10	0	686.28779	127.45020	773.88802	142.38645
028	10	1	734.39530	116.61355	828.17693	127.89243
028	11	0	443.26540	197.81275	544.15230	224.75697
028	11	1	490.23068	185.00000	595.88242	211.64940
028	12	0	538.94065	206.08765	626.16909	227.01594
028	12	1	591.02912	209.15936	682.11758	227.85657
028	13	0	1259.11534	402.94821	1168.53639	398.31474
028	13	1	1317.91153	362.92032	1233.77604	352.73705
028	14	0	922.17133	396.79283	820.81411	404.53785
028	14	1	593.94065	194.58566	551.69653	219.98406
028	15	0	1181.30907	725.21116	908.71557	735.94024
028	15	1	1433.33483	580.01992	1272.13438	589.84861
028	16	0	1472.06719	356.42629	1658.92945	334.55378
028	16	1	1617.67637	329.24701	1846.36058	292.97610
028	17	0	1382.48600	675.53785	1070.72788	688.44622
028	18	0	1262.39530	206.05578	1032.19597	193.39442
028	18	1	951.87906	238.03984	686.65398	248.49004
028	19	0	619.02128	326.93227	748.55879	335.77291
028	19	1	698.03583	302.82072	828.81411	308.85657
028	20	0	964.09071	251.93227	736.31243	260.42231
028	20	1	1188.16909	252.05578	974.08735	245.35060
028	21	0	304.17581	398.82869	330.18589	414.44622
028	21	1	428.97760	364.63347	467.05263	380.19522
028	22	0	633.02688	343.89243	586.21389	357.22709
028	22	1	730.74916	321.06773	662.30235	333.06375
028	23	0	737.91601	329.19920	699.50392	339.40239
028	23	1	788.42889	355.06375	774.09406	361.35857
028	24	0	1113.22172	257.63347	1198.46697	246.82869
028	24	1	1164.06719	229.15936	1261.82979	213.87251
028	25	0	909.89586	172.65339	821.17917	179.90837
028	25	1	960.17133	410.96414	880.05375	414.39442
028	26	0	1158.67077	188.39442	825.78611	187.17131
028	26	1	1687.38074	109.90040	1181.82083	62.39044
029	0	0	1225.53191	488.36653	862.17245	509.88048
029	1	0	1199.83763	393.58167	1266.02912	412.56972
029	1	1	1284.69093	362.19522	1355.06943	382.49004
029	2	0	1427.29899	348.07171	1494.75924	374.17131
029	2	1	1520.83427	326.69721	1592.42105	354.31076
029	3	0	489.79395	446.48207	380.70885	443.11952
029	3	1	725.86898	549.56972	616.07615	546.39442
029	4	0	896.93057	331.39841	989.96081	336.23506
029	4	1	979.89250	351.13944	1068.37290	357.89243
029	5	0	65.20381	365.72510	28.26540	362.54183
029	5	1	366.25420	478.94422	316.81747	465.33466
029	6	0	300.13550	80.53386	405.73572	106.15538
029	6	1	422.03247	126.05976	515.04927	142.48606
029	7	0	519.12542	237.83665	651.75252	240.96016
029	7	1	594.13886	206.86853	719.95073	209.60558
029	8	0	1010.93057	420.32669	1136.05375	429.47809
029	8	1	1075.67413	393.07968	1200.51288	405.05976
029	9	0	302.87906	265.74104	432.49384	269.04781
029	9	1	419.45913	244.98406	542.36730	248.56972
029	10	0	1243.74916	110.96414	971.12094	135.53785
029	10	1	1154.23740	66.25896	844.63718	94.45817
029	11	0	1251.27884	323.62948	1111.54423	347.17530
029	11	1	1316.24748	322.18725	1198.24748	348.69721
029	12	0	592.37066	287.35458	561.13550	297.13546
029	12	1	650.73572	291.41036	626.13886	300.71315
029	13	0	1001.92609	374.34263	1139.52968	389.40239
029	14	0	293.95745	376.03586	437.20269	365.49402
029	14	1	166.94065	305.19124	328.49384	303.47809
030	0	0	1436.23740	432.43028	705.21837	466.85259
030	1	0	655.76708	182.86853	595.56551	223.74502
030	2	0	1402.60246	428.47809	1044.78947	460.41434
030	2	1	1428.27324	213.34661	1132.27212	236.38645
030	3	0	1525.12067	296.19403	1239.03463	340.52239
030	4	0	1847.47114	797.91045	1535.19412	880.52239
030	5	0	1627.49832	198.67729	970.89362	234.33068
030	5	1	1423.87682	142.85657	768.24412	182.78884
030	6	0	1495.18141	317.85657	877.15566	357.68127
030	6	1	1287.80627	268.57371	695.77268	311.75697
030	7	0	1167.95633	229.61355	653.26876	272.69721
030	7	1	998.55207	200.34661	541.28891	247.53785
030	8	0	1795.62710	483.46215	1152.03135	539.45418
030	8	1	1607.66853	398.49801	922.32587	439.38247
030	9	0	1077.39754	312.35060	548.16125	357.65339
030	9	1	904.46025	307.06375	444.06271	348.86853
030	10	0	323.42707	292.08955	213.75551	329.90672
030	10	1	121.44071	272.70896	38.61490	314.48881
030	11	0	1648.37290	434.32669	1121.00224	479.48207
030	11	1	1491.19373	408.66135	932.22172	450.52590
030	12	0	743.93953	77.45020	539.51848	125.26295
030	12	1	470.74804	81.98805	301.72228	138.19124
030	13	0	742.45577	104.93625	642.43113	143.88048
030	13	1	926.31131	92.23506	814.91825	123.20319
030	14	0	591.51848	56.62151	449.98544	107.77291
030	14	1	725.76036	5.91633	577.96865	51.15139
030	15	0	295.35610	140.73705	65.70997	198.34661
030	15	1	443.69429	138.01594	195.68981	195.20717
030	16	0	1222.66069	215.38645	999.69765	241.77291
030	16	1	1287.40202	55.80876	1071.50280	77.57371
030	17	0	778.32027	17.21116	660.06719	40.87649
030	18	0	626.24300	19.90040	575.47256	64.38645
030	18	1	766.82307	29.58167	723.38522	65.82869
030	19	0	1233.37178	135.12749	1102.67637	154.06773
030	19	1	1366.00224	175.51793	1259.29003	191.02789
030	20	0	808.19821	121.78884	806.72676	150.98805
030	20	1	764.30123	159.25896	754.22956	189.71315
030	21	0	582.64838	123.13944	613.13550	156.90438
030	21	1	473.42665	139.72510	511.83427	180.24701
030	22	0	1186.84770	217.15139	700.70997	258.85657
030	22	1	1318.64390	195.18725	776.85778	239.67331
030	23	0	633.99776	86.53785	452.58119	141.06773
030	23	1	886.14782	155.43426	689.16461	193.53785
030	24	0	249.81411	148.83665	298.51848	195.68924
030	24	1	496.46025	86.29084	504.20157	129.08367
030	25	0	351.55991	120.45418	244.96865	173.28287
030	25	1	459.51064	130.60159	345.38970	179.84861
030	26	0	607.14222	136.22709	237.86002	195.24303
030	26	1	764.61030	235.35060	424.64390	281.68924
030	27	0	1146.07615	99.41036	223.78499	174.23506
030	27	1	1412.16013	66.18725	429.48936	129.53785
031	0	0	1302.93393	490.51793	726.71892	522.78884
031	1	0	497.11018	389.41791	519.13956	410.24254
031	1	1	558.05456	369.26866	582.77020	390.93284
031	2	0	465.83526	417.13806	491.12802	437.28731
031	2	1	217.21406	490.14552	244.11228	503.54851
031	3	0	597.15005	63.16045	516.20042	108.33582
031	3	1	491.82057	95.84701	416.41238	143.49254
031	4	0	393.69780	29.04851	436.38300	80.16791
031	4	1	307.90556	26.36194	361.83945	81.00746
031	5	0	647.96642	128.01493	680.35782	161.71642
031	5	1	698.83736	95.94403	726.86359	128.47015
031	6	0	563.36831	524.31343	522.05561	541.54851
031	6	1	404.01784	576.51866	367.84260	581.69403
031	7	0	1533.69675	205.25746	1394.05456	221.99254
031	7	1	1688.38405	70.64179	1520.77754	75.70896
031	8	0	540.16474	213.13806	488.07660	247.67164
031	8	1	375.44806	277.74627	330.05456	312.04478
031	9	0	764.81322	182.43284	712.12697	214.98507
031	9	1	882.32319	151.47761	829.64533	180.22015
031	10	0	1015.66107	276.15672	851.09129	300.83955
031	10	1	891.28856	396.38060	730.22980	421.99254
031	11	0	1023.63169	136.42164	1046.41238	154.09701
031	11	1	915.18573	173.35075	936.51417	193.19776
031	12	0	1413.40399	108.00000	1403.13326	115.14552
031	12	1	1558.60965	69.17537	1556.62434	63.39179
031	13	0	1355.83421	343.38806	1240.16264	368.56343
031	13	1	1454.88982	319.04104	1330.15215	342.53731
031	14	0	613.11228	378.19776	554.72613	404.31343
031	14	1	717.83526	337.80224	655.30955	364.96269
031	15	0	801.19203	454.44776	806.27387	476.41791
031	15	1	830.06925	419.85821	835.65477	442.50000
031	16	0	700.44176	447.48507	686.17104	469.80597
031	16	1	1036.88667	177.58209	1001.83736	200.63433
031	17	0	644.11333	389.92537	599.90136	413.53358
031	17	1	396.46380	483.18284	360.08395	500.49627
031	18	0	147.07240	664.92537	251.83631	654.85075
031	19	0	479.44071	573.33955	415.26653	585.49627
031	19	1	195.25813	519.59701	126.52256	532.79851
031	20	0	368.01679	214.32836	120.69045	264.16045
031	20	1	778.87828	325.78731	502.22980	363.14552
031	21	0	1036.66842	361.35821	863.05561	389.81716
031	21	1	788.60126	322.41045	569.22980	357.43657
031	22	0	1146.11333	182.88060	717.26653	222.03731
031	22	1	748.11228	167.60821	380.79958	222.19030
031	23	0	864.26653	312.67164	739.44281	341.55597
031	23	1	682.64638	362.36567	580.17629	390.83582
031	24	0	963.07030	389.32836	801.05456	417.54851
031	24	1	721.63799	433.44403	578.13431	461.86940
031	25	0	851.57503	419.61194	717.52886	445.51866
031	25	1	546.48269	338.28731	404.16579	375.45149
031	26	0	355.38300	555.45149	464.99790	562.87313
031	27	0	637.46275	124.52985	514.06191	168.02239
031	27	1	806.67471	152.31343	703.01049	186.55597
031	28	0	221.91501	169.21642	34.24974	222.45149
031	28	1	559.32424	183.38433	354.17209	230.61940
031	29	0	93.85100	544.53731	222.10598	550.35448
031	30	0	1358.22980	87.78731	1351.58132	95.66418
031	30	1	1283.85414	122.20896	1282.74607	134.11567
031	31	0	949.07660	313.90672	797.08395	344.19776
031	31	1	1153.41238	152.44030	1013.75551	176.10075
031	32	0	809.69675	11.75373	857.51522	36.26866
031	32	1	740.02204	53.05970	792.79853	80.26119
031	33	0	689.36097	628.96269	642.45750	643.74254
031	33	1	601.80483	674.10448	546.59182	680.85075
031	34	0	723.27387	739.47761	245.79224	743.50746
032	0	0	1421.18701	449.64143	823.47144	475.45817
032	1	0	275.21837	442.36653	360.76036	422.58964
032	1	1	41.20941	495.10359	175.93057	462.89641
032	2	0	847.50616	296.57371	144.54311	343.37052
032	2	1	985.09854	284.76494	282.65174	335.15139
032	3	0	682.74356	166.49801	512.52296	195.33865
032	3	1	324.93505	127.13944	207.30235	164.67729
032	4	0	743.58119	495.88845	591.21725	496.62948
032	4	1	377.26316	603.07171	244.22284	575.47012
032	5	0	132.09183	185.64542	151.79283	209.23108
032	5	1	403.38074	162.64143	431.28108	182.86853
032	6	0	495.37290	287.16733	661.96865	281.35857
032	6	1	319.67301	330.43426	486.11870	321.31474
032	7	0	107.50280	709.96016	219.30571	647.56972
032	8	0	447.35610	86.17131	411.29339	116.71713
032	8	1	751.10638	55.31076	689.68085	80.79283
032	9	0	1187.37738	43.68127	1087.31019	57.54980
032	9	1	1113.53975	129.38247	1015.93169	146.20319
032	10	0	916.14782	301.35857	787.82307	318.45020
032	10	1	630.41433	26.17530	545.81859	60.90040
032	11	0	481.95633	267.35060	425.01904	276.90837
032	11	1	184.21837	333.23506	206.20941	334.40637
032	12	0	692.87682	513.12351	703.58567	504.16733
032	12	1	512.98096	563.74502	533.62710	545.46614
032	13	0	987.74356	107.56574	921.99776	126.87649
032	13	1	1057.35162	19.18327	969.74804	38.57371
032	14	0	878.86898	99.26295	754.44793	120.17928
032	14	1	753.92273	188.03984	600.49384	207.64143
032	15	0	615.70661	72.90040	373.01456	116.64940
032	15	1	239.09742	53.60159	34.75924	107.35857
032	16	0	747.92833	53.02789	896.23964	61.21912
032	16	1	656.75252	22.41036	809.78835	32.38247
032	17	0	446.57223	439.02789	449.55655	427.09562
032	17	1	321.46025	381.19920	327.53527	372.86853
032	18	0	545.93953	268.87649	539.31019	274.34661
032	18	1	429.40985	244.66932	422.91041	251.06375
032	19	0	103.09742	221.15139	44.07615	240.99203
032	19	1	302.29339	178.90438	245.74468	205.94024
032	20	0	455.81187	337.76892	503.11310	342.07171
032	21	0	142.37514	349.25498	230.98096	341.96813
032	21	1	473.89362	288.50996	516.41433	290.23506
032	22	0	382.70997	79.60159	219.30571	129.08367
032	23	0	898.72340	238.80478	782.62038	253.86454
033	0	0	1163.18029	477.60956	782.62038	477.60956
033	1	0	320.70661	451.83665	493.39306	458.24303
033	1	1	169.20157	491.01195	377.35162	493.55378
033	2	0	728.86898	382.94821	836.37178	395.85657
033	3	0	1363.13550	342.07171	1434.08735	318.40637
033	4	0	823.50616	273.77291	928.02240	276.67729
033	4	1	511.51848	229.33865	615.11422	249.72510
033	5	0	961.07503	200.07968	1109.42889	200.07968
033	6	0	326.66181	87.66932	440.96865	133.64940
033	6	1	223.99664	85.69721	349.47256	140.13944
033	7	0	885.82307	210.83665	819.17133	230.19920
033	8	0	631.83987	317.40637	693.98992	328.37052
033	8	1	483.31803	218.84462	549.58119	244.10359
033	9	0	427.69765	487.10359	483.30235	492.50996
033	9	1	259.94737	552.17928	354.25980	548.38645
033	10	0	1470.63830	245.25896	1655.54311	191.47410
033	11	0	126.82755	487.45418	128.28891	496.59761
033	11	1	215.06831	172.29084	166.19373	225.18725
034	0	0	1259.93281	501.27490	825.62150	490.51793
034	1	0	384.86002	834.74104	374.10974	763.74502
034	2	0	1212.84050	502.66418	954.32424	509.29104
034	2	1	1439.88038	359.74254	1141.32424	374.96269
034	3	0	795.23715	750.17537	638.87933	730.74254
034	3	1	596.43232	741.52985	442.71878	706.35821
034	4	0	1526.37775	501.55224	1351.24554	524.46642
034	4	1	1426.48269	518.84701	1263.10283	538.73881
034	5	0	451.03148	685.87313	408.46380	652.93284
034	5	1	524.56768	643.05597	492.93075	615.35821
034	6	0	1389.50157	502.89179	1031.74082	509.16418
034	6	1	1268.46485	374.30224	833.69045	372.29478
034	7	0	1303.85624	259.25373	1267.55824	264.83209
034	7	1	1385.71983	163.88806	1334.48583	163.61194
034	8	0	1406.25393	656.86567	1061.74187	677.01493
034	9	0	440.25196	680.29084	405.53080	643.98008
034	9	1	720.67637	564.35060	698.31019	553.95219
034	10	0	671.55207	741.61355	595.77716	717.43426
034	10	1	462.32699	786.49004	384.87682	741.36653
034	11	0	494.78499	451.33068	516.04703	435.85259
034	11	1	267.62262	460.05578	300.17245	435.10359
034	12	0	362.31689	288.73507	279.76915	278.13806
034	12	1	500.07660	293.43657	409.05456	286.65672
034	13	0	484.04512	224.19030	406.79014	220.78731
034	13	1	596.53200	232.92164	517.26233	231.02985
034	14	0	501.76180	113.34328	434.00315	117.14552
034	14	1	604.95278	110.82463	535.36097	115.13060
034	15	0	415.22665	327.72761	322.84995	315.38806
034	15	1	521.50157	332.59701	432.25079	322.64179
034	16	0	335.45435	424.78731	226.25079	401.02239
034	16	1	435.85310	424.61940	342.25813	405.52239
034	17	0	242.90661	295.57463	151.77650	281.49627
034	17	1	349.36201	343.51119	264.21511	327.97015
034	18	0	365.52991	235.70149	242.92235	229.90299
034	18	1	228.46275	191.50373	111.71878	187.39552
034	19	0	102.35782	388.36567	25.85519	359.80224
034	19	1	260.16474	375.55970	172.24449	353.66418
034	20	0	318.19098	505.83955	221.01679	474.40299
034	20	1	427.99161	497.94776	336.69675	472.32836
034	21	0	1403.99580	409.18284	1537.40504	432.46642
034	22	0	221.45577	845.49801	189.20493	776.65339
034	23	0	968.57335	686.86056	930.26876	689.33865
034	23	1	908.19261	703.89243	878.84658	701.88845
036	0	0	1270.68309	479.76096	778.32027	488.36653
036	1	0	1664.99790	335.80224	1525.08395	328.77985
036	1	1	1520.60126	364.19776	1384.89507	359.26493
036	2	0	1408.07555	296.87313	1305.33158	287.05224
036	2	1	1471.87408	320.71642	1383.40084	312.57463
036	3	0	1665.44281	262.23507	1756.53725	246.26493
036	4	0	830.68835	97.83209	772.91605	97.32836
036	4	1	1041.90031	204.02239	1004.78384	197.02985
036	5	0	402.93809	163.20896	292.13012	179.32836
036	5	1	1045.95278	103.75746	1003.97377	94.88433
036	6	0	1086.65373	201.44403	1077.28751	193.27612
036	6	1	937.85624	198.03731	928.17733	193.24254
036	7	0	1836.99790	410.63433	1504.81427	402.04104
036	7	1	1680.69675	456.97015	1348.81322	457.51866
036	8	0	577.82791	269.74254	245.23715	274.65672
036	8	1	436.03253	265.53358	110.52886	266.80970
036	9	0	1314.73137	187.68657	1264.01574	173.18284
036	9	1	1430.40818	180.97015	1383.05037	162.77239
036	10	0	1457.91605	657.50746	985.17314	673.14179
036	10	1	1319.84995	676.83209	839.99580	680.98507
036	11	0	1388.52256	224.55970	1383.85205	211.41791
036	11	1	1812.23820	225.19776	1819.69675	203.64179
036	12	0	213.81427	295.20522	229.72613	295.67910
036	12	1	79.87198	300.32090	111.76285	302.01493
036	13	0	789.94334	212.78731	673.07555	212.63433
036	13	1	908.13851	221.68657	801.68206	219.73507
036	14	0	622.98846	194.55970	580.68835	197.36567
036	14	1	723.06296	202.03731	675.54669	204.08209
036	15	0	35.76076	15.44776	28.03778	49.46642
036	15	1	317.79224	67.73881	237.63169	89.84701
036	16	0	306.23295	308.28358	421.07030	310.29851
036	17	0	905.83316	254.85821	742.03253	251.74627
036	17	1	973.74082	259.70149	814.22560	255.60821
036	18	0	951.11647	218.79851	222.60965	221.33582
036	18	1	777.03987	180.43657	57.92235	179.99254
037	0	0	1232.99056	521.86567	870.34627	517.83582
037	1	0	346.98846	343.95522	270.60860	342.02985
037	1	1	493.79748	377.75746	396.66737	372.65672
037	2	0	1194.71144	179.32836	1265.22560	173.28358
037	3	0	792.80693	316.86940	653.04722	315.34328
037	3	1	561.38300	220.83209	415.52991	228.13060
037	4	0	541.82896	620.13806	216.87198	597.28731
037	4	1	401.53620	683.94776	60.27282	651.73881
037	5	0	967.81532	274.82463	763.17838	270.32090
037	5	1	789.97377	202.93657	584.39035	207.00000
037	6	0	835.53620	294.50373	753.19307	291.20522
037	6	1	879.69150	280.56716	804.90346	276.93284
037	7	0	606.87093	159.44403	527.61070	164.14552
037	7	1	667.64743	177.91418	583.08919	180.74254
037	8	0	793.59391	178.57090	687.51417	180.55597
037	8	1	836.23820	157.07836	730.49423	156.20896
037	9	0	952.67471	320.64179	888.01049	316.33582
037	9	1	1000.01994	311.57463	933.34103	307.43657
037	10	0	838.78489	319.49627	727.13431	316.93284
037	10	1	875.72088	328.39552	771.96118	325.49627
037	11	0	1005.01049	354.80970	921.29486	350.96269
037	11	1	1042.88877	382.88433	954.36936	380.01119
037	12	0	454.09129	93.00746	300.86464	108.21269
037	12	1	366.54355	50.27612	195.84995	71.41791
037	13	0	1326.16474	193.00000	1207.34103	175.40672
037	13	1	1280.83421	159.08209	1143.87828	144.84701
037	14	0	885.09129	346.64179	753.10283	343.81343
037	14	1	943.34942	322.96642	821.60231	319.80224
037	15	0	754.10598	35.93284	727.05456	41.13806
037	15	1	621.98111	90.18284	606.22246	96.01493
037	16	0	1495.60860	231.61194	1528.20042	216.81716
037	16	1	1649.98216	287.80224	1695.79224	276.20149
037	17	0	465.39349	455.37313	276.01259	447.31343
037	18	0	1261.19622	235.74627	1237.01994	225.67164
037	19	0	894.52256	888.58209	273.99790	860.37313
037	20	0	1349.34627	235.16791	1331.81427	223.50373
037	20	1	1043.20776	177.35075	1035.39874	171.32090
037	21	0	709.43442	281.55597	411.57293	279.69403
037	21	1	1058.80693	239.04851	806.53515	238.94030
037	22	0	1311.56348	189.40299	1269.25498	179.32836
037	23	0	1228.96118	507.76119	1035.55089	507.76119
037	24	0	1228.96118	143.05970	1172.54984	122.91045
037	25	0	1778.97167	213.58209	1720.54565	185.37313
037	26	0	1548.59496	102.07463	1612.53620	71.64925
037	26	1	1345.87303	63.51119	1383.68940	42.44403
037	27	0	552.19307	129.50746	475.83526	139.32463
037	27	1	755.58762	247.70149	695.52991	246.00746
037	28	0	936.49318	318.35075	861.33893	314.16791
037	28	1	722.22980	364.07836	636.62329	359.63433
037	29	0	1105.53725	61.13060	1046.07660	48.12313
037	29	1	740.46275	171.04478	683.48478	171.01493
037	30	0	1411.67471	46.93284	1486.41868	18.13433
037	30	1	1557.40504	48.51866	1667.69780	9.40299
037	31	0	744.63903	388.45896	571.86359	385.63433
037	31	1	474.56558	255.57836	342.02518	258.06716
037	32	0	895.46485	164.50746	883.08499	160.70896
037	32	1	745.25813	109.46642	737.37566	112.00000
037	33	0	1551.31165	161.19403	1553.32634	128.95522
037	34	0	1383.60965	67.03731	1231.20776	43.98507
037	34	1	1209.00315	20.82090	1044.42707	5.20522
037	35	0	1188.17838	261.60821	688.22980	254.95522
037	35	1	1389.68416	372.68284	910.77020	365.57463
037	36	0	1179.12067	261.22388	547.39769	262.35821
037	36	1	964.12697	354.22761	421.74082	350.80970
038	0	0	1201.88130	520.63745	885.82307	499.12351
038	1	0	1244.82195	74.39442	1050.35834	79.64542
038	1	1	1475.89698	228.91633	1258.27772	255.60558
038	2	0	631.48376	38.19920	789.02128	20.58964
038	2	1	738.98656	85.33865	891.68645	75.85657
038	3	0	1711.44457	75.29880	1509.33931	124.78088
038	4	0	1447.45913	386.33466	1223.57111	411.37450
038	4	1	1346.86002	46.32669	1171.09742	55.80876
038	5	0	967.52520	81.75299	1014.82643	79.60159
038	6	0	1432.35946	329.37849	1202.42665	353.92430
038	6	1	1770.15901	71.57769	1486.13998	124.53386
038	7	0	1130.92945	70.99602	965.37514	68.84462
038	8	0	1863.82979	25.46614	1298.48376	49.84861
038	8	1	1569.49048	251.00000	1215.65957	271.88845
038	9	0	1680.29675	228.54582	1271.71557	256.50996
038	9	1	1298.90929	53.37052	1007.57895	48.01195
038	10	0	1482.69653	27.09163	1147.71445	38.74104
038	10	1	1909.24972	176.41434	1482.66517	233.56972
038	11	0	1489.98880	88.20717	1311.53415	116.17530
038	12	0	1384.46361	294.60956	1210.47368	320.47809
038	12	1	1792.83539	135.16335	1516.62822	184.60159
038	13	0	741.72116	160.08367	773.54535	136.55777
038	13	1	791.97872	136.51394	820.30907	118.13546
038	14	0	1812.49720	103.26693	1552.34043	163.50598
038	15	0	455.81187	574.42231	337.55879	464.70120
038	16	0	1186.83091	425.97610	45.15118	296.89243
038	17	0	1391.08623	230.19920	1199.73124	247.41036
038	18	0	642.56551	49.03586	793.75252	28.29880
038	19	0	1447.87794	114.51793	1129.74692	119.11554
038	19	1	1698.70437	420.73705	1394.32811	482.28685
038	20	0	1621.82581	449.32836	404.95278	376.79104
038	21	0	1269.07167	127.80080	1028.19037	128.02390
038	21	1	1096.04703	51.74502	913.82195	41.17928
038	22	0	1392.15110	431.19403	656.78909	384.85075
038	23	0	1509.33931	195.77689	1238.43225	215.13944
038	24	0	1887.74916	23.66534	907.32363	19.36255
038	25	0	1462.03807	172.11155	1107.27884	172.11155
039	0	0	1186.65268	457.38806	880.41973	439.25373
039	1	0	1039.06506	387.97015	1074.70619	394.79104
039	2	0	578.21616	570.22388	543.96642	542.01493
039	3	0	853.39140	369.12313	880.05247	369.42537
039	3	1	792.74921	353.60821	816.47849	352.01119
039	4	0	983.81637	386.10448	937.27807	388.99254
039	4	1	911.58867	396.53731	855.07240	396.00000
039	5	0	1005.88562	376.66791	1030.79224	381.23507
039	5	1	1078.24659	336.87313	1098.45226	342.61567
039	6	0	217.67576	491.96269	87.60126	454.72761
039	6	1	379.67471	558.01493	250.01784	523.62687
039	7	0	1262.34103	931.15299	821.05037	940.93657
039	7	1	1321.98846	906.26119	897.20462	925.25373
039	8	0	1394.98636	528.72761	1202.71249	547.14925
039	8	1	1488.02099	528.85821	1285.71773	552.69030
039	9	0	1457.87408	506.48507	1351.26967	529.50746
039	9	1	1544.13116	505.30224	1435.93704	534.00746
039	10	0	744.34523	705.63433	671.56558	688.45149
039	10	1	673.64743	707.60448	597.22350	689.66045
039	11	0	1328.92025	425.87687	1318.35572	441.27239
039	11	1	1424.51207	468.81343	1391.54460	490.19403
039	12	0	1434.21406	190.77239	1610.00315	195.24627
039	12	1	1537.63484	184.39179	1737.47114	189.39552
039	13	0	415.53410	369.16791	561.73347	358.97761
039	14	0	455.29381	309.08209	519.62539	301.94030
039	15	0	1111.85729	32.70522	978.16474	24.68284
039	15	1	742.09129	224.16045	694.12487	223.68284
041	0	0	1171.78052	488.36653	918.07391	524.94024
041	1	0	600.37775	606.49254	640.67156	572.23881
041	2	0	1259.61280	73.44030	1342.43337	74.79104
041	3	0	413.98426	551.47015	446.03882	528.75746
041	3	1	582.26653	487.40299	611.07240	478.17910
041	4	0	190.13956	575.53731	112.56663	542.38806
041	4	1	367.54669	553.38433	296.13851	528.87313
041	5	0	267.95383	880.52239	241.76285	807.98507
041	6	0	1572.04302	222.35448	1457.79224	244.65672
041	6	1	1609.23924	25.70896	1561.77230	24.17910
041	7	0	1860.92235	87.36194	1465.30325	120.87687
041	7	1	1384.97167	157.50373	1145.81952	180.62687
041	8	0	235.71878	947.01493	189.38090	860.37313
041	9	0	394.87933	556.11940	314.29171	529.92537
041	10	0	124.91081	328.43284	58.42602	332.46269
041	11	0	628.33788	1019.44403	545.11438	970.74254
041	11	1	322.99685	929.33955	303.30325	853.86940
041	12	0	673.11647	350.69030	705.22246	352.28731
041	12	1	684.57398	463.72015	720.49213	459.79478
041	13	0	1194.16369	616.38433	1075.33788	645.68284
041	13	1	1385.83421	394.77612	1301.77020	425.30224
041	14	0	807.89822	893.14925	825.31584	880.76493
041	14	1	608.32319	849.43657	640.04827	817.00746
041	15	0	1769.62015	578.70896	1818.17524	660.66418
041	15	1	1544.07240	762.79851	1567.56873	844.87687
041	16	0	1205.82162	583.36567	1020.60546	610.86567
041	16	1	1404.64008	794.20896	1238.46065	854.63433
041	17	0	255.86569	566.19403	286.08604	529.92537
041	18	0	481.51102	233.73134	159.86884	267.35075
041	18	1	663.65163	344.79104	413.18783	359.64179
041	19	0	1827.32424	934.92537	1728.60441	1075.97015
041	20	0	289.88877	16.23881	437.00839	47.26493
041	20	1	357.02833	101.26866	487.96957	119.58582
041	21	0	503.27702	143.08209	604.58132	154.66791
041	21	1	563.87303	213.79478	657.21511	219.11940
041	22	0	468.67891	267.85448	583.28856	268.70149
041	22	1	356.78279	277.09328	492.67471	275.54104
041	23	0	1206.79748	971.16045	1177.92235	1013.36194
041	23	1	989.36726	875.94030	965.29381	886.63060
041	24	0	649.54669	596.40672	667.44596	582.91791
041	24	1	890.03358	695.09701	889.01364	697.05970
041	25	0	866.03568	689.16045	882.36726	689.14552
041	25	1	537.47114	522.80970	561.50472	510.47015
041	26	0	1013.16579	175.34701	805.19517	199.79104
041	26	1	158.97482	16.11940	99.74816	77.08209
041	27	0	1603.41133	780.16791	1508.12382	867.45522
041	27	1	1364.83631	856.35821	1290.73767	917.35448
041	28	0	1571.65687	135.32463	1649.67156	137.99254
041	28	1	1468.94334	313.42910	1539.15320	335.70149
041	29	0	1127.60546	629.30970	1158.51207	651.49254
041	29	1	1014.91815	580.36567	1031.72403	593.76119
041	30	0	1215.86569	713.76493	1184.88982	748.34328
041	30	1	996.01364	612.80970	963.29381	625.48507
042	0	0	1277.31375	471.49254	789.75866	507.76119
042	1	0	1671.75866	339.71642	1801.01049	357.75373
042	2	0	1500.33578	287.61940	1485.15215	306.08955
042	2	1	1425.16264	282.16418	1402.15950	300.27612
042	3	0	1900.39349	407.89552	1736.38825	446.90299
042	3	1	1779.97272	388.06716	1618.69360	421.47015
042	4	0	1794.30115	213.20896	1795.97377	220.00746
042	4	1	1673.33683	219.16418	1658.37356	227.73134
042	5	0	1515.25603	40.92537	1417.50052	44.10448
042	5	1	1742.74502	89.10448	1627.27702	91.26866
042	6	0	1439.00525	246.05224	1348.67891	263.52985
042	6	1	1616.33683	252.32836	1538.95173	269.97761
042	7	0	1193.56768	113.16418	1176.51417	126.84328
042	7	1	1337.57293	60.94776	1316.40399	67.51493
042	8	0	809.33054	242.04478	820.66317	266.93284
042	8	1	873.09969	191.60448	883.79643	215.60448
042	9	0	615.31375	99.91045	570.75971	140.14925
042	9	1	588.24134	115.89552	546.33158	156.13433
042	10	0	528.98531	27.02239	597.61805	67.35075
042	10	1	455.81007	65.85821	521.57503	107.70896
042	11	0	179.30745	145.07463	310.26233	193.43284
042	12	0	1583.60231	157.82836	1630.09969	161.00000
042	12	1	1354.44806	167.97761	1391.54460	178.74627
042	13	0	1209.92865	170.68657	1267.55194	184.58209
042	13	1	1049.01259	202.39552	1108.64008	220.27612
042	14	0	550.22560	266.58209	642.51626	291.36567
042	14	1	449.36726	269.28358	552.44071	295.12687
042	15	0	107.96118	220.76866	175.58972	263.82836
042	15	1	250.84890	183.76866	314.63379	226.11194
042	16	0	1583.30850	266.10448	1710.47219	267.98507
042	17	0	465.94229	309.00746	565.71459	332.03731
042	17	1	367.44176	307.71642	480.28646	331.85821
042	18	0	606.05456	303.45149	697.97377	326.09328
042	19	0	290.80378	341.30597	348.91501	367.80597
042	20	0	372.39664	42.03731	507.66317	85.88060
042	21	0	1008.89297	254.55224	1153.84050	270.70896
042	22	0	547.99580	26.19403	372.71773	80.59701
042	23	0	1722.56034	247.83582	1855.52991	245.82090
042	24	0	311.36831	37.27612	207.10493	100.19776
042	24	1	588.66737	160.30970	438.82791	205.65672
042	25	0	1079.67786	221.05970	1127.10808	239.96269
042	25	1	1151.55089	201.30597	1190.37356	218.35821
042	26	0	1443.55929	154.04478	1431.37461	163.22388
042	26	1	1292.93704	123.80597	1295.03987	135.67164
042	27	0	1343.56034	314.08955	1057.15950	341.32090
042	27	1	1614.16474	84.75373	1267.70724	98.32836
042	28	0	1253.50997	305.56716	1134.12172	329.10448
042	28	1	1283.07765	192.56716	1199.61805	208.44030
042	29	0	765.52046	288.40299	529.18888	327.20896
042	29	1	651.07870	233.88806	412.58132	279.33582
042	30	0	656.03358	292.79851	613.06401	322.06716
042	30	1	759.70724	254.47015	707.69255	284.76866
042	31	0	59.61175	277.24627	15.86569	318.34328
042	31	1	222.71459	273.20896	145.48478	313.10448
042	32	0	846.05666	322.95522	754.85729	351.13433
042	32	1	949.15215	341.39552	847.98111	368.29104
042	33	0	1768.91501	460.49254	1594.11438	502.79851
042	33	1	1664.40294	377.91791	1445.32214	411.86567
042	34	0	945.72928	138.33582	796.48583	170.94030
042	34	1	1069.38825	181.98507	947.69990	208.17164
042	35	0	1159.96222	284.91791	1004.04302	310.81343
042	35	1	1230.72823	293.67164	1044.84050	319.05970
042	36	0	1757.43127	442.85448	1400.00210	483.73881
042	36	1	1351.55509	409.39925	1026.70409	441.01493
042	37	0	738.52571	730.64925	46.67366	745.87313
042	37	1	1582.27807	873.70896	853.54040	939.03731
042	38	0	580.23085	278.05970	30.22036	326.41791
042	39	0	1341.87933	124.88806	1420.34418	131.87313
042	39	1	1415.79328	125.01493	1489.12907	129.00746
042	40	0	513.74607	42.31343	537.92235	78.58209
043	0	0	1265.22560	499.70149	826.02308	533.95522
043	1	0	388.00420	163.41791	322.64848	209.47761
043	1	1	519.69255	91.77612	433.50787	139.19403
043	2	0	331.09339	363.68657	319.92235	390.34328
043	2	1	467.44071	323.23881	445.85624	352.05970
043	3	0	285.12277	222.52239	289.09339	262.30597
043	3	1	524.71459	152.34328	520.27807	195.35075
043	4	0	284.07135	251.86567	378.76180	284.10448
043	5	0	634.62749	272.01493	342.49738	304.25373
043	6	0	512.38930	45.69403	279.20462	118.06716
043	6	1	827.78174	321.49254	594.00420	356.44776
043	7	0	471.43757	346.56716	519.79014	386.86567
043	8	0	698.25498	153.85821	645.00315	189.22388
043	8	1	170.62644	127.64179	146.37461	183.44776
043	9	0	1060.23400	89.45522	954.04827	113.58955
043	9	1	1203.91396	94.19403	1089.32949	113.29851
043	10	0	848.18468	278.05970	515.76076	310.29851
043	11	0	533.40294	186.11940	419.97377	229.50000
043	11	1	279.77545	288.26866	175.38195	326.93284
043	12	0	465.39349	175.29851	312.27702	221.64179
043	13	0	572.17209	473.50746	419.05561	493.65672
043	14	0	249.21196	327.79851	315.64113	355.61940
043	14	1	415.22036	320.85821	465.30010	346.89552
043	15	0	202.15215	473.85821	127.40399	491.64179
043	15	1	125.68625	406.52239	37.90136	433.73881
043	16	0	247.80693	394.92537	6.04407	427.16418
043	17	0	573.43337	128.53731	656.58972	159.82090
043	17	1	656.98006	118.12687	740.00315	146.84328
043	18	0	362.93284	139.29104	463.07765	178.05224
043	18	1	438.34523	151.50746	526.69360	186.46269
043	19	0	400.90976	216.82090	250.18153	265.24627
043	19	1	662.79538	132.55970	448.97482	181.23881
043	20	0	239.74816	652.83582	207.51312	642.76119
043	21	0	658.93809	253.82090	550.00315	288.61194
043	21	1	510.26338	225.67164	426.10808	265.12687
043	22	0	423.71563	117.50000	496.07030	158.58209
043	22	1	308.10073	78.38060	395.04092	127.30597
044	0	0	1255.63270	499.12351	860.02240	529.24303
044	1	0	612.48376	390.29880	494.28859	395.56574
044	1	1	323.39082	353.41434	265.86577	353.74502
044	2	0	832.49048	165.70518	801.18792	180.49402
044	2	1	606.77156	246.29084	584.08725	259.18725
044	3	0	1046.55319	193.91235	1028.86577	206.70916
044	3	1	838.22172	288.91633	824.26846	297.74900
044	4	0	235.47816	146.41833	94.49664	184.18725
044	4	1	463.10974	143.56175	299.10738	176.87251
044	5	0	1082.02800	167.74104	1118.50336	177.54582
044	5	1	1009.79619	303.10359	1027.33557	313.66932
044	6	0	1416.68421	114.91235	1217.35570	131.54183
044	6	1	1483.95969	41.72112	1336.06711	51.74502
044	7	0	1122.68981	67.45817	949.89933	87.77291
044	7	1	1238.79283	8.39841	1027.48322	27.08765
044	8	0	213.20381	607.50996	371.71812	564.62151
044	8	1	155.15230	645.98008	325.00671	595.50598
044	9	0	723.83427	250.62550	712.52349	261.69323
044	9	1	840.47480	224.07570	806.75168	235.95618
044	10	0	109.11534	490.33466	261.91946	459.79283
044	10	1	278.99664	409.03984	398.72483	395.76892
044	11	0	76.86450	600.74900	220.70470	552.54183
044	11	1	261.34714	530.62151	384.54362	501.43825
044	12	0	107.48264	309.11952	324.79866	301.96016
044	12	1	303.45913	388.19124	498.53691	373.56175
044	13	0	433.20941	513.55777	437.31544	496.50199
044	13	1	193.49048	520.05976	220.02013	492.98008
044	14	0	315.14670	466.05976	462.63087	443.04382
044	14	1	203.83427	515.56972	367.71812	484.51793
044	15	0	331.23292	578.23506	412.70470	548.72510
044	15	1	446.07839	457.35060	500.26174	445.64542
044	16	0	255.85666	499.12351	283.48993	475.45817
044	17	0	240.85330	199.12351	296.24832	215.96016
044	17	1	641.86562	264.23108	657.36242	273.41434
044	18	0	633.97200	428.64542	484.85235	432.74900
044	18	1	275.55879	517.29482	142.87248	499.31474
044	19	0	849.82195	207.66534	447.36242	248.02390
044	19	1	362.83427	180.16733	75.43624	217.91633
044	20	0	434.92833	562.68924	522.55705	535.96414
044	20	1	361.28891	618.76892	458.93289	583.37450
044	21	0	821.33371	32.46614	848.83221	47.13944
044	21	1	635.02800	165.10757	686.44295	177.12351
044	22	0	820.80291	160.96813	875.26174	170.27490
044	22	1	986.98432	88.81275	1014.61074	99.14343
044	23	0	855.95857	195.06375	933.34899	201.72908
044	23	1	707.65286	226.35060	808.78523	231.52988
044	24	0	305.25532	401.76096	407.28859	389.85259
044	24	1	528.22844	332.46215	589.87248	331.06375
044	25	0	376.25980	512.03187	483.22148	488.36653
044	26	0	1037.36506	121.47012	1071.49664	131.31474
044	26	1	1093.53527	80.83267	1127.33557	89.05179
044	27	0	128.31579	527.14343	303.93289	491.46215
044	27	1	272.55319	427.93625	422.41611	409.58566
044	28	0	838.52184	191.47410	846.17450	210.83665
044	29	0	940.39754	47.50996	1127.62416	48.76494
044	30	0	775.27772	332.12749	604.04027	348.23108
044	30	1	1139.31579	244.82869	875.73826	270.33068
044	31	0	1264.63942	333.81673	1124.04698	357.14741
044	31	1	1541.70325	6.23108	1410.29530	10.56574
044	32	0	166.12766	433.25100	262.77181	415.91633
044	32	1	374.12206	267.72908	427.68456	274.39442
044	33	0	1157.65957	324.66932	908.41611	349.89243
044	33	1	1609.36058	89.82072	1295.90604	115.55777
044	34	0	1135.15230	59.05976	1190.77852	64.33068
044	34	1	1214.70437	25.19522	1275.34228	24.50598
044	35	0	419.07167	205.22709	159.84564	238.39442
044	35	1	726.80291	226.19920	422.20134	259.72908
045	0	0	1110.09444	489.62687	896.53725	505.74627
045	1	0	1348.64054	342.52191	1488.75168	326.05976
045	1	1	1525.24636	320.75299	1694.66443	291.18725
045	2	0	1473.65957	510.52590	1647.00671	508.21116
045	2	1	1344.69541	483.56574	1495.19463	479.32669
045	3	0	297.62822	185.78486	422.38255	223.98406
045	3	1	403.24972	214.23108	499.42953	242.13546
045	4	0	741.55543	331.04781	792.26174	336.25100
045	4	1	690.22284	322.10757	753.33557	328.66534
045	5	0	654.74692	299.07968	708.50336	309.97211
045	5	1	598.03919	284.17928	667.16107	298.05179
045	6	0	566.05711	318.58566	691.59060	329.74900
045	6	1	635.12766	305.31076	757.89933	313.76494
045	7	0	1386.23628	517.12749	1428.76510	518.74900
045	7	1	1296.20269	488.41036	1336.95302	488.13546
045	8	0	1380.53863	363.96414	1334.45638	351.83267
045	8	1	1530.23628	442.25896	1502.88591	437.85259
045	9	0	447.01568	223.50199	632.85906	243.31076
045	9	1	365.31355	155.23108	560.91275	184.52191
045	10	0	634.74502	74.19403	657.87828	96.35821
045	10	1	687.25289	65.82090	709.25289	87.09701
045	11	0	507.90031	242.63433	571.33054	264.03731
045	11	1	564.56348	262.55224	623.58657	278.50000
045	12	0	798.19622	137.10448	899.27807	143.25373
045	12	1	823.37985	161.58955	924.83945	165.45522
045	13	0	958.04932	254.94776	1060.56768	252.08209
045	13	1	980.96642	277.02239	1084.24029	271.87313
045	14	0	1835.34155	485.18327	1839.72483	479.23904
045	14	1	1713.86338	520.13147	1715.46980	522.10359
045	15	0	1365.12430	166.88048	1419.15436	133.48207
045	15	1	1275.03471	182.60159	1330.56376	158.13546
045	16	0	530.86562	132.01992	678.03356	155.04382
045	16	1	456.68869	101.67729	596.42282	131.74502
045	17	0	766.32811	145.83665	805.15436	158.66534
045	17	1	549.32811	132.08367	615.57718	158.87649
045	18	0	598.22844	301.11155	653.74497	313.12351
045	18	1	453.31467	264.64143	547.40940	285.01195
045	19	0	1137.74132	1016.06375	848.27517	1023.10757
045	19	1	887.95297	886.33466	330.16779	865.08765
045	20	0	736.67637	161.20319	789.79195	173.56175
045	20	1	1252.46585	216.87649	1326.12081	198.79681
045	21	0	1294.28331	456.71713	1277.83221	453.00000
045	21	1	1165.75924	420.93625	1156.36913	417.58566
045	22	0	980.08399	204.31076	1052.38926	201.60558
045	22	1	1134.59686	267.08367	1215.29530	255.93625
045	23	0	1646.94289	522.78884	1862.01342	527.09163
045	24	0	1107.86002	132.05578	1268.61074	112.79283
045	24	1	1054.64614	155.08367	1210.62416	140.69721
045	25	0	838.32139	283.19124	953.11409	285.01992
045	25	1	945.02800	293.03984	1053.24832	293.14741
045	26	0	1786.69653	488.27092	1910.60403	481.83665
045	26	1	1446.55319	441.52191	1520.71141	435.01594
045	27	0	1056.99664	292.40239	1114.82550	285.67331
045	27	1	919.71557	202.03984	1000.53691	201.16335
045	28	0	872.02912	173.22311	908.09396	174.72112
045	28	1	906.83315	170.92032	947.69128	170.92829
045	29	0	1466.42217	686.47012	1358.75839	708.14343
046	0	0	1184.63799	495.67164	826.02308	499.70149
046	1	0	1465.65582	892.47761	1415.88667	946.43284
046	1	1	1616.70829	837.45522	1600.45435	903.14179
046	2	0	1285.13851	964.61194	1273.81847	1008.52985
046	2	1	1392.34418	917.46269	1400.73662	970.02239
046	3	0	1366.01994	959.10448	1409.82162	1014.01119
046	3	1	1273.84785	1002.92910	1307.07240	1048.76866
046	4	0	834.13851	928.14925	751.62120	911.94030
046	4	1	635.23400	719.10448	512.86149	690.34328
046	5	0	1178.72193	943.24627	1103.39349	967.70149
046	5	1	1613.21196	910.04478	1583.24134	985.05970
046	6	0	1290.29276	347.11194	1365.14166	358.50373
046	6	1	1356.77754	319.40672	1437.16684	331.80597
046	7	0	1178.94648	344.51866	1271.84365	354.93284
046	7	1	1126.56453	335.95522	1215.43232	344.35448
046	8	0	1036.42078	373.55597	1124.23715	381.51119
046	8	1	985.04617	357.43657	1071.35152	361.86567
046	9	0	1532.04302	324.12687	1638.84680	338.05970
046	9	1	1575.35887	367.78358	1692.23610	388.76866
046	10	0	1227.76600	893.26866	1052.16055	917.57463
046	10	1	925.10178	824.00000	789.44491	818.15672
046	11	0	1013.35257	681.73134	564.41133	665.49254
046	11	1	1442.22665	696.05224	1095.48164	718.58955
046	12	0	1280.04932	869.03731	1237.18888	904.05224
046	12	1	1419.83211	709.44776	1386.47009	748.69403
046	13	0	1332.67051	808.26866	1285.13012	844.91045
046	13	1	1571.39035	691.73134	1573.06925	742.93284
046	14	0	1631.47429	429.32090	1599.88353	455.21642
046	14	1	1593.53095	461.89552	1557.91081	489.80597
046	15	0	1137.33683	790.31343	973.97901	802.32836
046	15	1	1087.30535	787.29104	931.33473	792.92537
046	16	0	1312.51102	668.00000	1221.19517	693.56716
046	16	1	1357.16999	678.07463	1267.86884	706.66418
046	17	0	726.10178	736.88060	667.29276	718.63433
046	17	1	687.82267	754.00746	625.99161	732.06716
046	18	0	690.01364	899.37313	553.04302	864.52985
046	18	1	709.48898	850.34328	569.49633	819.86567
046	19	0	1551.07975	696.12687	1429.18783	739.26119
046	19	1	1591.70934	679.67164	1480.89822	727.17164
046	20	0	478.70409	992.35075	311.22980	927.88433
046	20	1	436.39559	985.29851	269.42497	917.30597
046	21	0	950.11228	857.02239	774.60126	848.60821
046	21	1	982.34732	829.31716	808.85100	824.42910
046	22	0	1391.55719	657.45149	1331.19307	689.47388
046	22	1	1419.25918	671.55597	1362.92445	706.60075
046	23	0	957.27387	653.39179	874.93179	653.48134
046	23	1	941.15635	679.58582	861.33263	678.16418
046	24	0	1085.94753	693.33582	1030.33263	704.35821
046	24	1	1070.33368	729.10075	1011.69675	739.61940
046	25	0	1689.50052	759.64925	1895.57188	841.97015
046	25	1	1596.60336	826.82836	1778.92970	906.60448
046	26	0	1174.56453	92.68657	1297.46065	100.74627
046	27	0	1524.87618	650.91791	1619.88353	698.66418
046	27	1	1458.39140	706.32836	1546.68311	753.40299
046	28	0	1465.55509	765.91791	1444.89822	813.32836
046	28	1	1340.64428	817.63433	1327.03882	855.64179
046	29	0	1362.99580	457.81343	1300.99580	474.04478
046	29	1	1448.37356	267.02985	1406.58972	274.09701
046	30	0	1005.33054	832.16418	755.50892	820.07463
046	31	0	828.96747	976.39552	623.63274	950.01493
046	31	1	991.91501	934.63433	771.73662	926.56716
046	32	0	1210.82896	932.91045	967.05142	949.02985
046	33	0	1794.16684	840.89552	1643.15110	922.65672
046	33	1	1566.69990	919.99254	1429.43337	985.72388
046	34	0	746.93704	867.87313	566.69255	833.25373
046	34	1	608.95908	649.68657	420.35152	618.88806
046	35	0	315.77545	882.02239	142.07030	812.50746
046	35	1	520.46275	812.82836	331.19622	765.70149
046	36	0	1108.01259	383.40299	1055.22665	386.94776
046	36	1	1309.15110	349.20896	1274.99580	359.61194
046	37	0	1459.25498	522.79104	1357.70199	544.50746
046	37	1	1686.96537	348.70896	1633.48478	364.02985
046	38	0	1087.90031	765.04478	954.11647	771.05970
046	38	1	935.63274	722.18657	795.61910	716.44776
046	39	0	741.72193	766.95522	609.78804	743.71642
046	39	1	528.74397	814.73881	400.83945	770.34328
046	40	0	1075.70724	527.33582	831.75866	520.38806
046	40	1	1142.47429	331.72388	966.54040	326.68657
046	41	0	902.28541	818.30597	471.53305	788.41791
046	41	1	462.20462	939.67910	6.71563	862.32090
046	42	0	1297.25393	343.38806	1213.43757	352.35075
046	42	1	1454.54774	325.61940	1371.24134	335.66418
046	43	0	955.12382	896.44030	860.28332	893.41791
046	43	1	1045.94229	763.58209	969.81007	769.88806
046	44	0	1042.92025	799.51493	886.53620	801.45522
046	44	1	914.99895	877.46269	765.45960	865.73881
046	45	0	697.26863	832.79104	676.34942	811.26866
046	45	1	760.39559	818.35075	750.55719	802.53731
046	46	0	735.21826	782.50746	602.49318	757.65672
046	46	1	963.74397	760.54478	809.52886	754.86567
047	0	0	1236.28219	503.42629	879.37290	488.36653
048	0	0	1178.59391	525.89552	850.19937	535.97015
049	0	0	1327.68101	501.71642	850.19937	501.71642
050	0	0	1311.53415	535.69721	870.77268	529.24303
050	1	0	603.58343	322.93625	513.43449	265.03984
050	1	1	426.10862	254.78884	354.21613	184.52988
050	2	0	512.75252	536.22709	466.22732	453.69323
050	2	1	465.74356	500.16733	416.77604	414.43028
050	3	0	84.53415	84.50199	135.12990	10.93625
050	3	1	220.37290	63.52590	271.35610	1.61355
050	4	0	427.05151	548.11554	468.00224	457.21514
050	4	1	517.89138	502.93625	556.36058	432.92430
050	5	0	710.25196	326.86853	707.59798	290.89641
050	5	1	545.01456	311.62948	548.90594	259.15538
050	6	0	827.77156	527.09163	795.06047	499.68127
050	7	0	223.63064	612.53731	336.45331	493.65672
050	8	0	725.97760	315.29482	439.25868	251.40239
050	8	1	340.30907	120.74502	51.33259	29.52988
050	9	0	1693.51522	386.94403	1774.18573	497.68657
050	10	0	1135.61030	360.46215	1036.12094	366.70518
050	10	1	993.70325	250.44622	925.22844	242.86853
050	11	0	1104.82083	378.47809	819.61030	359.64940
050	11	1	813.85890	255.87649	523.44681	206.43825
050	12	0	1199.06719	466.45020	1236.87794	504.82869
050	12	1	1071.32139	430.88048	1100.51512	448.62948
050	13	0	483.78489	532.19030	539.72613	457.27612
050	13	1	335.37671	580.91418	401.73242	476.26866
050	14	0	533.67189	345.72908	346.82755	265.41434
050	14	1	252.59686	185.03187	49.41993	85.96813
050	15	0	383.68311	113.43284	449.05247	64.80597
050	15	1	203.55824	96.28358	292.15740	35.26866
050	16	0	415.37738	475.21514	425.11870	391.75299
050	16	1	337.43785	500.13546	346.90146	402.98406
050	17	0	565.46473	404.46215	580.51512	344.22311
050	18	0	534.66853	423.66135	559.82307	361.56574
050	18	1	451.26876	419.86056	474.42217	348.26295
050	19	0	967.39754	198.40637	1014.53080	200.17131
050	19	1	1041.21613	177.43028	1086.02016	185.47012
050	20	0	918.52886	274.77985	1018.31794	277.32836
050	20	1	822.86464	247.19776	927.63903	236.97015
050	21	0	657.46170	231.89925	783.49108	207.22761
050	21	1	740.42078	265.08955	855.02623	246.73881
050	22	0	321.19203	138.23881	494.60126	86.49254
050	22	1	414.87513	167.79104	581.40084	122.59328
050	23	0	762.32363	419.03187	684.27660	371.49402
050	23	1	579.61030	393.44622	535.60694	332.78486
050	24	0	777.36058	328.60558	737.72788	297.35060
050	24	1	574.65622	276.84861	568.56439	227.09163
050	25	0	882.06495	399.82072	862.18925	381.46215
050	25	1	1003.36058	401.01195	957.68533	395.81275
050	26	0	1096.52856	172.11155	1083.62822	185.01992
050	27	0	661.16461	292.54183	574.75588	244.61355
050	27	1	433.91041	310.82869	365.51848	236.60558
050	28	0	378.29787	381.73705	413.66517	305.05976
050	28	1	185.98096	408.45418	257.14222	304.75697
050	29	0	1235.01456	266.86454	1203.01008	291.57769
050	29	1	1057.43113	285.33068	1016.78947	287.48207
050	30	0	689.14271	353.94030	632.87933	306.74627
050	30	1	932.48059	363.31343	864.37775	343.73134
050	31	0	1023.32949	478.43284	889.39979	465.58209
050	31	1	830.30955	491.50746	666.37775	439.91045
050	32	0	1070.71249	460.32463	777.55824	430.55597
050	32	1	813.93809	293.55970	565.73347	243.82836
050	33	0	914.31060	132.71642	880.12802	120.71642
050	33	1	757.66737	20.65299	755.91501	0.67164
050	34	0	977.98006	326.24254	1045.05456	332.16791
050	34	1	1038.08499	335.14179	1107.50997	348.45522
050	35	0	738.96013	686.92537	472.12697	598.58209
050	35	1	854.96747	753.15299	568.05456	678.84701
050	36	0	1103.03253	418.17537	1199.30325	447.36567
050	36	1	1169.85310	397.01866	1281.01889	436.20522
050	37	0	1018.59286	359.65672	1005.96957	360.14925
050	37	1	907.56139	353.76119	910.27177	342.38806
050	38	0	476.85100	438.19030	372.75551	350.79104
050	38	1	136.90556	383.92164	85.16264	263.89925
050	39	0	1899.34942	908.28358	986.33158	941.97015
050	39	1	1193.47534	806.89552	248.31165	693.71642
050	40	0	1155.81322	227.20896	1172.00630	245.91045
050	40	1	821.05981	351.28358	823.59706	327.80597
050	41	0	515.40202	273.56175	648.49048	227.68924
050	42	0	1813.22141	451.34328	1887.76495	594.40299
050	43	0	795.80273	441.26866	904.59601	431.19403
051	0	0	1170.53515	501.71642	838.11123	507.76119
052	0	0	1138.30010	517.83582	878.40504	527.91045
053	0	0	1188.98096	542.15139	827.77156	574.42231
054	0	0	1182.62329	487.61194	757.52361	525.89552
055	0	0	1173.93057	469.00398	683.71781	512.03187
057	0	0	1122.18258	499.70149	888.47849	497.68657
058	0	0	1174.56453	497.68657	813.93494	499.70149
059	0	0	1273.28437	511.79104	852.21406	501.71642
060	0	0	1196.72613	509.77612	852.21406	503.73134
061	0	0	1347.82791	521.86567	767.59706	513.80597
063	0	0	1198.74082	509.77612	846.16999	511.79104
063	1	0	1682.65582	392.85075	1666.32529	417.47388
063	1	1	1198.44281	415.53358	1187.28856	425.50373
063	2	0	1479.21511	552.05970	1438.92025	581.94030
063	2	1	1361.35572	551.55597	1325.09024	572.87313
063	3	0	254.49108	533.94030	283.03882	501.57836
063	3	1	348.17419	539.98507	369.16684	511.65299
063	4	0	683.19307	804.51119	194.99895	751.91791
063	4	1	805.08185	795.94776	335.01994	755.44403
063	5	0	717.47219	484.00746	658.29591	473.97761
063	5	1	668.11228	476.45149	608.93599	464.40672
063	6	0	1049.92130	489.07463	969.75551	493.59328
063	6	1	1132.01994	477.48881	1051.85414	484.52612
063	7	0	1277.58132	534.91418	1183.81637	551.01866
063	7	1	1210.08919	518.29104	1124.88667	530.36567
063	8	0	985.18363	535.97015	926.75761	542.01493
063	9	0	1273.62329	520.52612	1240.28856	538.51119
063	9	1	1721.04932	489.54851	1765.87618	527.97761
063	10	0	993.24239	499.70149	890.49318	499.70149
063	11	0	1517.26967	496.43657	1348.33263	520.94030
063	11	1	1421.57188	515.57836	1244.07240	535.04478
063	12	0	909.20042	729.50373	372.82896	697.39925
063	12	1	756.58762	741.08955	191.50682	695.38433
063	13	0	952.94858	634.70149	737.37671	622.61194
063	14	0	1887.26128	525.05970	1640.63799	567.48134
063	14	1	1735.65582	539.66791	1459.31584	571.51119
064	0	0	1184.63799	519.85075	910.64008	537.98507
065	0	0	1152.43001	509.88048	832.07167	533.54582
066	0	0	1231.98208	473.30677	860.02240	509.88048
067	0	0	1232.79128	408.82265	852.97569	458.71833
068	0	0	1218.88772	493.65672	916.68416	509.77612
069	0	0	1126.21196	441.26866	771.62644	447.31343
070	0	0	1208.17150	464.93274	895.83859	455.24664
072	0	0	1190.68206	519.85075	813.93494	521.86567
073	0	0	1205.75032	520.62780	861.94199	523.04933
074	0	0	1406.25393	421.11940	828.03778	407.01493
075	0	0	1299.47534	427.16418	775.65582	411.04478
076	0	0	1166.50577	463.43284	791.77335	477.53731
077	0	0	1317.60756	445.29851	817.96432	485.59701
078	0	0	1217.85624	469.77578	888.57503	530.31390
079	0	0	1188.33114	497.10280	837.63469	527.38318
080	0	0	1247.09339	515.82090	892.50787	537.98507
081	0	0	1176.57922	509.77612	739.39140	513.80597
082	0	0	1198.74082	481.56716	836.09654	493.65672
083	0	0	1245.07870	481.56716	844.15530	447.31343
083	1	0	1698.88772	317.97015	1803.14795	420.00746
083	1	1	1321.82896	64.47761	1371.64533	99.73881
083	2	0	1666.14900	183.35821	1835.38300	284.10448
083	3	0	1574.76285	174.05224	1690.90241	246.52612
083	3	1	1505.75971	152.89552	1611.82581	216.80597
083	4	0	1511.31794	44.32836	1562.77754	92.68657
083	4	1	1459.94334	8.56343	1508.88458	48.86194
083	5	0	1804.65897	97.72388	1645.06821	158.58582
083	5	1	1656.57922	49.86940	1497.49213	90.58209
083	6	0	1359.15635	200.48134	1418.23715	247.44403
083	6	1	1272.52466	178.82090	1319.51731	213.69403
083	7	0	1317.19307	122.40672	1456.85834	168.48134
083	7	1	1273.87723	81.60448	1416.06086	119.61940
083	8	0	1797.10388	302.23881	1500.94439	364.70149
083	9	0	977.12487	459.40299	332.42392	376.79104
083	10	0	1746.23295	314.00000	1837.90136	422.98507
083	11	0	1505.54984	165.22388	1434.77020	209.02985
083	11	1	1665.71773	6.04478	1666.78489	56.41791
083	12	0	1372.00420	74.55224	1386.10703	112.83582
084	0	0	1283.22825	518.20628	796.56999	513.36323
085	0	0	1271.12232	523.04933	857.09962	523.04933
087	0	0	1114.12382	449.32836	691.03882	453.35821
088	0	0	965.03673	505.74627	743.42078	503.73134
089	0	0	1234.40067	487.69001	880.33529	510.22355
090	0	0	1273.28437	481.56716	819.97901	517.83582
091	0	0	1160.46170	491.64179	815.94963	517.83582
092	0	0	1232.99056	467.46269	922.72823	483.58209
093	0	0	1136.28541	497.68657	824.00839	507.76119
094	0	0	1345.44845	502.17586	738.70914	497.34724
095	0	0	1358.28499	469.77578	811.09710	435.87444
096	0	0	1180.60860	527.91045	819.97901	527.91045
097	0	0	1253.13746	525.89552	852.21406	531.94030
098	0	0	1245.07870	471.49254	850.19937	465.44776
099	0	0	1176.57922	489.62687	811.92025	489.62687
100	0	0	1112.10913	521.86567	894.52256	527.91045
101	0	0	1220.06042	503.22581	901.02719	528.38710
102	0	0	1347.82791	443.28358	652.75971	477.53731
103	0	0	1301.49003	489.62687	813.93494	525.89552
104	0	0	1228.96118	475.52239	870.34627	509.77612
104	1	0	1665.26733	71.52365	1686.82178	69.72057
104	1	1	1769.07921	56.26293	1864.00990	43.08911
104	2	0	1216.12871	233.31903	1376.43564	241.47525
104	2	1	1281.77228	249.02860	1447.65347	258.31793
104	3	0	1239.60396	332.16062	1310.54455	350.35864
104	3	1	1301.38614	340.38944	1360.14851	357.83938
105	0	0	1122.18258	517.83582	910.64008	523.88060
106	0	0	1207.04107	473.20417	835.27242	466.76602
107	0	0	1263.85876	433.45291	876.46910	440.71749
107	1	0	653.44701	418.68657	568.19307	360.96269
107	1	1	713.38405	482.15672	611.00525	426.44776
107	2	0	1448.56243	489.62687	1394.16579	552.08955
107	3	0	1145.57188	476.66045	928.22246	471.56343
107	3	1	1254.36516	380.44776	1026.94229	383.91418
107	4	0	1140.31480	451.34328	1013.38930	457.38806
107	5	0	707.15635	622.61194	120.88143	477.53731
107	6	0	500.61595	563.94030	515.89927	483.90299
107	6	1	602.86149	527.16791	620.15950	467.78358
107	7	0	527.22246	413.48881	348.28122	326.42910
107	7	1	389.21616	323.32090	177.53620	225.68284
107	8	0	774.96852	103.26493	454.79224	57.42537
107	8	1	638.47324	122.91045	360.10178	65.98881
107	9	0	684.99475	658.88060	687.00944	596.41791
107	10	0	261.90976	396.94030	106.77859	288.13433
108	0	0	1210.39275	540.00000	872.02417	530.32258
